AS Path Changes Summary Report
==============================

Total AS Path Changes Detected: 0

Top ASNs with Most AS Path Changes:
 - AS3356: 0 changes

List of All AS Paths Involved in Changes:
 - 20514,2119,3356,6453,38182
 - 31554,3356,3356,6762,39533,39533,49666,44244
 - 394414,32621,174,3356,267613,262462,271276
 - 6894,174,3356,9002,52041,201217
 - 35280,3356,6762,12654
 - 12307,57118,29691,1299,3356,9121,25145
 - 31554,3356,3356,6762,20473
 - 6908,2914,3356,55410,38266
 - 29075,3356,5650,396065
 - 199524,1299,3356,264409,262526,264954
 - 211509,29632,9002,3356,174,53013,52551,53122
 - 24961,3356,42020,42020,42020,42020,42020,42020,39010
 - 213241,9002,3356,17072,33182
 - 29075,3356,61512,267837
 - 29075,3356,61512,267837,269932
 - 29075,3356,20485,31200,31200,31200,31200,31200
 - 1299,3356,5400,2856,6871
 - 14907,3356,174,53667,202256
 - 35710,3320,3356,6327,20161
 - 49544,174,3356,15830,203304
 - 211509,29632,9002,3356,174,53667,202256
 - 6667,3356,7296
 - 6762,3356,35280,12654
 - 31554,3356,3356,5511,49666,48159,58224,205588
 - 31027,3356,1299,4637,4637,4637,4637,23930
 - 200612,6939,3356,9121,25145
 - 24961,3356,10118,17794
 - 213241,9002,3356,3257,264409,262288,52945
 - 213241,9002,3356,16509
 - 20514,2119,3356,174,136255,136255,136255,136975,133524,134840,149038
 - 12307,57118,29691,8758,8220,3356,20473
 - 12307,57118,29691,8758,8220,3356,174,53667
 - 14907,3356,174,56410,204210
 - 6667,1299,3356,264409,53181,271125
 - 3170,3356,12956,60068,57695,12654
 - 31027,3356,6453,54994
 - 20514,2119,3356,174,62000,51269
 - 9002,3356,1299,20473,40138
 - 29140,286,3356,400339
 - 49544,3356,1299,17072,17072,17072,17072,265566
 - 20514,1299,3356,264409,268696,28183
 - 56457,6762,3356,55644,45271
 - 13830,3356,5511,49666,48159,58224,48147,57497
 - 213241,9002,3356,55644,45271
 - 31554,3356,3356,1299,137831,137831,135445
 - 20612,8758,8220,3356,20473
 - 6762,3356,9002,8772,8772,8772,8772,8772,61218,12654
 - 20514,1299,3356,264409,262907,262907,262907,265303
 - 14907,3356,174,53667
 - 213241,9002,3356,3491,55644,55644,55644,55644,55644,55644
 - 213241,9002,3356,3491,55644,134927,134927,134927,134927,134927,134927,134927
 - 31554,3356,3356,174,5713,37356
 - 35710,3320,3356,200081
 - 29075,3356,39386,47589,9155,6412
 - 31554,3356,3356,2914,4761,4761,147117,147117,147117,147117,147117,147117,147117,147117,147117,147117
 - 396998,9002,3356,2914,4767
 - 31554,3356,3356,5511,49666,48159,58224
 - 31027,3356,28209
 - 31554,3356,3356,2914,32098,17072,17072,17072,17072,265626
 - 31027,3356,6762,25145
 - 31554,3356,3356,33652,19637
 - 31554,3356,3356,5511,49666,48159,58224,48147
 - 20514,2119,3356,7922,53264,53264,40355,208417
 - 20514,2119,3356,174,37662,37035,36909
 - 29140,2914,3356,15083
 - 3257,3356,47692,12654
 - 29075,6762,3356,397533
 - 31554,3356,3356,174,53013,28370,28370,28657
 - 56430,9009,3356,6762,12654
 - 29140,286,3356,263608
 - 6894,174,3356,9121,25145
 - 212271,9002,3356,174,20473,40138
 - 1299,3356,25091,12654
 - 35710,6939,3356,9121,25145
 - 29075,174,3356,9002,25532
 - 213241,9002,3356,55644
 - 31554,3356,3356,174,52320,27855,27855
 - 200612,174,3356,14114,6979,6979,6979,6979,6979,6979
 - 3170,3356,174,16509
 - 2914,3356,4230,28573
 - 6762,3356,25091,12654
 - 35710,3320,3356,721,721,27064,27046,27046
 - 31554,3356,3356,5511,49666,48159,58224,48147,205588
 - 9002,3356,16509
 - 20514,2119,3356,37100,36908,36909
 - 35710,6939,3356,4230,263661,265431
 - 14907,3356,2914,9457,38684
 - 6762,3356,9002,12654
 - 31027,3356,209,22561
 - 14907,3356,3491,138997,63908
 - 3257,3356,35280,12654
 - 35280,3356,174,53667,202256
 - 14907,3356,3491,55644
 - 35280,3356,2914,9583,142289,12654
 - 35710,3320,3356,55644
 - 20514,2119,3356,2152,2152,2152,2152,23483
 - 29075,3356,20764,43298,207333
 - 31554,3356,3356,174,36944,36914
 - 211509,29632,9002,3356,6762,25145,34984,9121,25145
 - 12307,29691,1299,3356,13786,53181,271125
 - 31554,3356,3356,5511,49666,48159,58224,9147
 - 14907,3356,174,16509
 - 14907,3356,37468,22381,52551,53122

Top 5 Most Frequent AS Paths:
 - Path: 14907,3356,37468,22381,52551,53122 | Frequency: 1
 - Path: 20514,2119,3356,6453,38182 | Frequency: 1
 - Path: 31554,3356,3356,6762,39533,39533,49666,44244 | Frequency: 1
 - Path: 394414,32621,174,3356,267613,262462,271276 | Frequency: 1
 - Path: 6894,174,3356,9002,52041,201217 | Frequency: 1

